Tuesday 14 July 2020 18:16:43 12 6 1 9 0
Tuesday 14 July 2020 20:26:36 25 42 1 23 0
Tuesday 14 July 2020 20:30:52 42 47 1 12 0
Tuesday 14 July 2020 20:31:00 51 3 2 20 0
Tuesday 14 July 2020 20:31:05 19 2 5 25 2
Tuesday 14 July 2020 22:35:24 17 53 0 38 1
Tuesday 14 July 2020 22:35:35 17 53 0 49 1
Tuesday 14 July 2020 22:35:44 17 53 0 58 1
Tuesday 14 July 2020 22:46:20 1 98 1 88 1
Tuesday 14 July 2020 22:46:30 1 98 1 98 1
Tuesday 14 July 2020 22:47:53 1 98 1 180 1
Tuesday 14 July 2020 22:48:58 1 98 1 246 1
Thursday 16 July 2020 12:48:55 9 67 0 40 1
Thursday 16 July 2020 12:48:59 9 67 0 45 1
